//*****************************************************************************
// <コマンドデータ>
//-----------------------------------------------------------------------------
// コマンドパターン数：10パターン以上
// 1コマンドのキー数 ：10キー
//-----------------------------------------------------------------------------
// 【コマンド表記】
// プレイヤーA用：a
// プレイヤーB用：b
// 上ボタン：0
// 下ボタン：1
// 左ボタン：2
// 右ボタン：3
// 空白：4
//*****************************************************************************

/a 1 4 0 4 3 4 2 4 0 4
/b 4 3 4 1 4 3 4 4 0 4

/a 1 4 0 4 3 4 2 4 0 4
/b 4 3 4 1 4 3 4 4 0 4

/a 1 4 0 4 3 4 2 4 0 4
/b 4 3 4 1 4 3 4 4 0 4

/a 1 4 0 4 3 4 2 4 0 4
/b 4 3 4 1 4 3 4 4 0 4

/a 1 4 0 4 3 4 2 4 0 4
/b 4 3 4 1 4 3 4 4 0 4

/a 1 4 0 4 3 4 2 4 0 4
/b 4 3 4 1 4 3 4 4 0 4

/a 1 4 0 4 3 4 2 4 0 4
/b 4 3 4 1 4 3 4 4 0 4

/a 1 4 0 4 3 4 2 4 0 4
/b 4 3 4 1 4 3 4 4 0 4

/a 1 4 0 4 3 4 2 4 0 4
/b 4 3 4 1 4 3 4 4 0 4

/a 1 4 0 4 3 4 2 4 0 4
/b 4 3 4 1 4 3 4 4 0 4
