//*****************************************************************************
// <コマンドデータ>
//-----------------------------------------------------------------------------
// コマンドパターン数：10(同時押し有り無し交互)＋10(同時押し多い)
// 1コマンドのキー数 ：10
//-----------------------------------------------------------------------------
// 【コマンド表記】
// プレイヤーA用：a
// プレイヤーB用：b
// 上ボタン：0
// 下ボタン：1
// 左ボタン：2
// 右ボタン：3
// 空白：4
//*****************************************************************************

/a 0 4 2 4 1 4 0 4 2 4
/b 4 3 4 0 4 2 4 3 4 2

/a 2 4 3 4 0 4 1 4 1 4
/b 4 0 4 1 4 3 4 2 0 4

/a 4 1 4 3 4 0 4 2 4 1
/b 3 4 0 4 2 4 1 4 3 4

/a 4 0 4 3 4 1 4 3 0 4
/b 1 4 2 4 0 4 2 4 0 4

/a 2 4 3 4 1 4 2 4 0 4
/b 4 3 4 0 4 2 4 1 4 3

/a 3 4 2 4 1 4 0 4 2 4
/b 4 3 4 2 4 0 4 1 3 4

/a 4 3 4 3 4 0 4 2 4 0
/b 1 4 2 4 2 4 3 4 1 4

/a 4 1 4 0 4 2 4 3 3 4
/b 2 4 3 4 1 4 0 4 3 4

/a 3 4 1 4 0 4 3 4 1 4
/b 4 0 4 3 4 2 4 2 4 1

/a 2 4 0 4 2 4 3 4 2 4
/b 4 2 4 3 4 0 4 3 2 4


/a 0 4 1 4 3 4 2 4 2 4
/b 3 4 1 4 0 4 3 4 1 4

/a 1 4 0 4 2 4 2 4 3 4
/b 1 4 2 4 0 4 2 4 3 4

/a 3 4 3 4 2 4 0 4 0 4
/b 0 4 3 4 1 4 0 4 2 4

/a 0 4 1 4 1 4 3 4 0 4
/b 2 4 0 4 3 4 1 4 1 4

/a 1 4 0 4 1 4 0 4 3 4
/b 2 4 0 4 3 4 1 4 2 4

/a 0 4 2 4 2 4 3 4 3 4
/b 0 4 3 4 0 4 3 4 1 4

/a 0 4 0 4 3 4 2 4 2 4
/b 3 4 1 4 0 4 2 4 3 4

/a 1 4 3 4 3 4 1 4 2 4
/b 3 4 2 4 1 4 0 4 0 4

/a 3 4 2 4 3 4 3 4 1 4
/b 0 4 1 4 2 4 0 4 2 4

/a 1 4 0 4 1 4 3 4 0 4
/b 1 4 2 4 0 4 3 4 3 4
