//*****************************************************************************
// <ダミー入力データ>
//-----------------------------------------------------------------------------
// コマンドパターン数：10パターン以上
// 1コマンドのキー数 ：10キー
//-----------------------------------------------------------------------------
// 【コマンド表記】
// プレイヤーA用：a
// プレイヤーB用：b
// 上ボタン：0
// 下ボタン：1
// 左ボタン：2
// 右ボタン：3
// 空白：4
//*****************************************************************************

/i 4 3 4 0 4 2 4 3 4 2

/i 4 0 4 1 4 3 4 2 0 4

/i 3 4 0 4 2 4 1 4 3 4

/i 1 4 2 4 0 4 2 4 0 4


/i 4 3 4 0 4 2 4 1 4 3

/i 4 3 4 2 4 0 4 1 3 4

/i 1 4 2 4 2 4 3 4 1 4

/i 2 4 3 4 1 4 0 4 3 4


/i 4 0 4 3 4 2 4 2 4 1

/i 4 2 4 3 4 0 4 3 2 4
